st_pos: 17 23
15.000000 10.000000
12.701512 14.207355
7.919266 14.546487
5.050038 10.705600
6.731782 6.215988
11.418311 5.205379
14.800851 8.602923
13.769511 13.284933
9.272500 14.946791
5.444349 12.060592
5.804642 7.279894
10.022128 5.000049
14.219270 7.317135
14.537234 12.100835
10.683686 14.953037
6.201560 13.251439
5.211703 8.560483
8.624183 5.193013
13.301584 6.245064
14.943523 10.749386
12.040410 14.564726
7.261354 14.183278
5.000196 9.955743
7.335835 5.768898
12.120895 5.472108
14.956014 9.338241
13.234597 13.812792
8.539306 14.781880
5.186971 11.354529
6.259712 6.681831
10.771257 5.059842
14.573712 7.979812
14.171117 12.757133
9.933616 14.999559
5.757149 12.645413
5.481539 7.859087
9.360182 5.041106
13.827070 6.782309
14.775368 11.481843
11.333215 14.818977
6.665310 13.725566
5.063304 9.206887
8.000073 5.417392
12.775567 5.841126
14.999217 10.088510
12.626610 14.254518
7.839110 14.508942
5.038323 10.617866
6.799278 6.158727
11.502963 5.231237
14.824830 8.688126
13.710771 13.351146
9.185046 14.933138
5.408586 11.979626
5.853451 7.206055
10.110634 5.001224
14.266101 7.392245
14.499334 12.180824
10.595901 14.964363
6.144599 13.183690
5.237935 8.475947
8.709492 5.169411
13.367536 6.304097
14.929483 10.836779
11.959286 14.600130
7.187731 14.134143
5.001763 9.867244
7.411151 5.722400
12.200715 5.510362
14.966952 9.426076
13.166596 13.869453
8.454886 14.755273
5.163747 11.269117
6.319036 6.616140
10.858587 5.074269
14.608756 8.061092
14.121657 12.830538
9.845125 14.997601
5.710985 12.569892
5.520145 7.779437
9.448064 5.030557
13.883430 6.850560
14.748388 11.566144
11.247701 14.841822
6.599883 13.665952
5.078117 9.119622
8.081508 5.382708
12.848752 5.890911
14.996866 10.176992
12.550885 14.300347
7.759632 14.469983
5.028163 10.529938
6.867778 6.102670
11.587144 5.258589
14.847297 8.773740
13.650868 13.416309
9.097848 14.917939
5.374262 11.898039
5.903559 7.133091
10.199104 5.003966
14.311594 7.468172
14.460024 12.260129
10.507929 14.974134
6.088846 13.114943
5.265660 8.391888
8.795205 5.147324
13.432433 6.364287
14.913898 10.923909
11.877548 14.634093
7.114989 14.083713
5.004896 9.778787
7.487278 5.677243
12.279846 5.550022
14.976333 9.514090
13.097603 13.924902
8.370951 14.727177
5.142039 11.183307
6.379514 6.551510
10.945647 5.090239
14.642357 8.142979
14.070905 12.903056
9.756682 14.994076
5.666165 12.493566
5.560155 7.700483
9.536119 5.021565
13.938573 6.919798
14.719921 11.649954
11.161796 14.863150
6.535521 13.605189
5.094472 9.032633
8.163543 5.349470
12.921044 5.941983
14.992950 10.265418
12.474361 14.344829
7.680856 14.429624
5.019561 10.441843
6.937259 6.047834
11.670827 5.287428
14.868244 8.859739
13.589821 13.480401
9.010932 14.901198
5.341388 11.815857
5.954950 7.061025
10.287513 5.008273
14.355737 7.544892
14.419317 12.338726
10.419797 14.982346
6.034318 13.045220
5.294868 8.308333
8.881295 5.126757
13.496254 6.425618
14.896773 11.010749
11.795221 14.666603
7.043152 14.032003
5.009595 9.690398
7.564193 5.633440
12.358261 5.591077
14.984155 9.602257
13.027639 13.979120
8.287526 14.697599
5.121853 11.097126
6.441126 6.487961
11.032411 5.107748
14.674502 8.225449
14.018877 12.974664
9.668315 14.988986
5.622703 12.416458
5.601557 7.622249
9.624320 5.014134
13.992481 6.990001
14.689974 11.733247
11.075526 14.882954
6.472245 13.543296
5.112365 8.945947
8.246154 5.317690
12.992421 5.994327
14.987470 10.353761
12.397062 14.387949
7.602806 14.387877
5.012520 10.353611
7.007700 5.994237
11.753987 5.317743
14.887666 8.946095
13.527648 13.543402
8.924326 14.882922
5.309974 11.733106
6.007610 6.989880
10.375831 5.014145
14.398515 7.622382
14.377224 12.416590
10.331534 14.988996
5.981033 12.974543
5.325551 8.225308
8.967736 5.107717
13.558980 6.488068
14.878113 11.097273
11.712332 14.697650
6.972241 13.979029
5.015857 9.602107
7.641871 5.591006
12.435938 5.633514
14.990415 9.690549
12.956727 14.032092
8.204638 14.666549
5.103197 11.010602
6.503854 6.425512
11.118852 5.126790
14.705183 8.308475
13.965590 13.045340
9.580053 14.982333
5.580613 12.338593
5.644337 7.544761
9.712638 5.008265
14.045138 7.061147
14.658557 11.815997
10.988920 14.901228
6.410075 13.480292
5.131790 8.859592
8.329315 5.287377
13.062860 6.047926
14.980426 10.441994
12.319011 14.429694
7.525508 14.344754
5.007042 10.265267
7.079078 5.941895
11.836597 5.349526
14.905557 9.032781
13.464370 13.605293
8.838058 14.863115
5.280030 11.649812
6.061520 6.919679
10.464031 5.021579
14.439914 7.700616
14.333760 12.493696
10.243168 14.994083
5.929008 12.902933
5.357699 8.142840
9.054501 5.090211
13.620590 6.551619
14.857925 11.183453
11.628907 14.727226
6.902279 13.924809
5.023681 9.513940
7.720289 5.549953
12.512852 5.677319
14.995111 9.778937
12.884888 14.083800
8.122312 14.634036
5.086074 10.923761
6.567677 6.364184
11.204942 5.147360
14.734389 8.392031
13.911061 13.115061
9.491922 14.974119
5.539908 12.259994
5.688482 7.468042
9.801046 5.003960
14.096528 7.133214
14.625680 11.898178
10.902004 14.917966
6.349029 13.416199
5.152740 8.773594
8.412999 5.258541
13.132340 6.102764
14.971821 10.530087
12.240233 14.470051
7.448985 14.300270
5.003128 10.176841
7.151372 5.890825
11.918631 5.382766
14.921910 9.119770
13.400007 13.666054
8.752153 14.841785
5.251564 11.566001
6.116665 6.850443
10.552086 5.030573
14.479922 7.779572
14.288938 12.570022
10.154725 14.997605
5.878258 12.830414
5.391302 8.060953
9.141562 5.074243
13.681066 6.616251
14.836215 11.269263
11.544970 14.755320
6.833287 13.869358
5.033065 9.425926
7.799420 5.510295
12.588978 5.722478
14.998241 9.867395
12.812145 14.134228
8.040575 14.600071
5.070492 10.836630
6.632576 6.303995
11.290654 5.169450
14.762111 8.476090
13.855305 13.183806
9.403950 14.964345
5.500600 12.180688
5.733978 7.392116
9.889517 5.001221
14.146633 7.206180
14.591354 11.979764
10.814805 14.933163
6.289128 13.351034
5.175209 8.687980
8.497181 5.231191
13.200837 6.158823
14.961659 10.618015
12.160754 14.509007
7.373262 14.254438
5.000781 10.088359
7.224559 5.841043
12.000065 5.417453
14.936720 9.207035
13.334578 13.725666
8.666640 14.818937
5.224587 11.481699
6.173027 6.782194
10.639968 5.041125
14.518526 7.859223
14.242772 12.645541
10.066233 14.999561
5.828800 12.757008
5.426349 7.979674
9.228892 5.059819
13.740388 6.681943
14.812988 11.354674
11.460550 14.781924
6.765288 13.812695
5.044006 9.338092
7.879241 5.472044
12.664293 5.768978
14.999805 9.955894
12.738520 14.183361
7.959452 14.564665
5.056454 10.749237
6.698530 6.244964
11.375962 5.193054
14.788341 8.560628
13.798342 13.251554
9.316165 14.953016
5.462703 12.100698
5.780811 7.317008
9.978022 5.000048
14.195440 7.280021
14.555589 12.060730
10.727351 14.946813
6.230390 13.284819
5.199191 8.602778
8.581834 5.205336
13.268332 6.216086
14.949941 10.705749
12.080597 14.546550
7.298362 14.207273
5.000000 9.999849
7.298615 5.792564
12.080871 5.453576
14.949984 9.294549
13.268104 13.784111
